000000 102115
000001 102216
000002 102317
000003 104172
000004 026300
000005 000000
000006 000001
000007 000012
000010 000024
000011 000040
000012 000060
000013 000071
000014 000055
000015 000740
000016 001010
000017 000100
000020 000140
000021 000200
000022 000240
000023 000300
000024 000340
000025 000400
000026 000440
000027 000640
000030 001065
000031 001032
000032 001022
000100 002010
000101 004200
000102 002005
000103 004201
000104 102320
000105 026300
000106 002202
000107 004100
000110 104172
000111 002072
000112 014001
000113 004072
000114 102172
000115 102317
000116 002200
000117 016001
000120 004200
000121 022302
000122 102115
000123 104172
000124 002006
000125 004201
000126 102320
000127 026300
000130 002202
000131 004203
000132 102115
000133 104172
000134 102323
000135 026300
000140 002005
000141 004202
000142 004213
000143 004214
000144 004216
000145 002411
000146 142000
000147 164100
000150 025731
000151 144001
000152 004215
000153 002616
000154 022727
000155 002613
000156 022727
000157 002215
000160 002414
000161 164100
000162 025724
000163 026327
000164 002006
000165 004213
000166 026305
000167 102321
000170 026300
000171 102322
000172 026300
000200 002215
000201 012012
000202 036304
000203 026326
000204 004207
000205 002215
000206 012013
000207 036311
000210 026315
000211 002405
000212 164100
000213 025715
000214 026326
000215 002406
000216 004616
000217 003007
000220 002202
000221 160200
000222 010607
000223 004602
000224 102320
000225 026305
000226 102322
000227 026313
000240 002216
000241 020313
000242 002213
000243 022305
000244 026310
000245 002405
000246 012602
000247 004602
000250 002201
000251 020316
000252 026320
000253 002006
000254 004214
000255 000000
000256 102317
000257 026306
000260 102317
000261 026330
000300 002010
000301 004204
000302 002100
000303 004205
000304 012203
000305 036313
000306 004210
000307 002405
000310 012610
000311 004610
000312 026314
000313 004210
000314 002210
000315 004206
000316 104172
000317 002072
000320 014001
000321 004072
000322 102172
000323 002204
000324 016001
000325 004204
000326 102324
000327 026300
000340 002204
000341 020334
000342 002100
000343 004211
000344 012203
000345 036313
000346 004210
000347 002405
000350 012610
000351 004610
000352 026314
000353 004210
000354 002210
000355 012206
000356 036323
000357 002210
000360 004206
000361 002211
000362 004205
000363 104172
000364 002072
000365 014001
000366 004072
000367 102172
000370 002204
000371 016001
000372 004204
000373 026300
000374 102325
000375 026300
000400 002011
000401 144001
000402 002011
000403 144001
000404 002203
000405 004217
000406 002005
000407 004221
000410 102326
000411 026300
000412 002011
000413 144001
000414 002205
000415 004217
000416 002006
000417 004221
000420 102326
000421 026300
000422 000000
000740 000000
000741 000000
000742 000000
000743 000000
000744 000000
000745 000000
000746 000000
000747 000000
000750 000000
000751 000000
000752 000000
000753 000000
000754 000000
000755 000000
000756 000000
000757 000000
000760 000000
000761 000000
000762 000000
000763 000000
001010 000000
001011 000000
001012 000000
001013 000000
001014 000000
001015 000000
001016 000000
001017 000000
001020 000000
001021 000000
001022 000000
001023 000000
001024 000000
001025 000000
001026 000000
001027 000000
001030 000000
001031 000000
001032 000000
000440 002217
000441 020315
000442 002405
000443 004620
000444 036312
000445 002414
000446 144401
000447 002405
000450 012617
000451 004617
000452 102130
000453 104171
000454 026317
000455 102327
000456 026301
000457 003007
000460 002217
000461 162200
000462 004217
000463 010412
000464 004500
000465 002220
000466 014001
000467 004220
000470 104171
000471 002071
000472 016001
000473 004071
000474 102171
000475 002217
000476 022317
000477 104171
000500 002071
000501 014001
000502 004071
000503 102171
000504 102327
000505 026304
000640 026304
000641 002012
000642 144001
000643 026321
000644 002220
000645 020321
000646 002100
000647 144001
000650 104171
000651 002071
000652 014001
000653 004071
000654 102171
000655 002220
000656 016001
000657 004220
000660 026304
000661 002221
000662 020324
000663 026326
000664 102325
000665 026312
000666 102325
000667 026322
001060 000000
001061 000000
001062 000000
001063 000000
001064 000000
001065 000000
